-118.288981,34.02617
-118.28931755431142,34.026194582698636
-118.2896484488853,34.02626801121821
-118.28996809575915,34.0263893308714
-118.29027104961301,34.02655696393414
-118.29055207683356,34.026768729599375
-118.29080622190146,34.027021871558475
-118.29102887026264,34.02731309286133
-118.2912158068887,34.02763859761442
-118.29136326978583,34.0279941389898
-118.29146799777594,34.02837507293787
-118.29152727194561,34.02877641692496
-118.29153895023904,34.02919291295305
-118.29150149475751,34.029619094064834
-118.29141399141999,34.03004935349344
-118.29127616173669,34.03047801558241
-118.29108836654636,34.03089940757934
-118.29085160167008,34.03130793139556
-118.29056748553661,34.03169813442448
-118.29023823893552,34.03206477852336
-118.28986665715426,34.032402906286286
-118.28945607485129,34.03270790377048
-118.28901032410917,34.03297555888296
-118.28853368619835,34.03320211468924
-118.28803083766098,34.0333843169702
-118.28750679139678,34.03351945542579
-118.28696683349538,34.03360539800465
-118.28641645661415,34.033640617925634
-118.28586129074344,34.03362421304951
-118.28530703223468,34.03355591735602
-118.28475937198863,34.033436104381124
-118.28422392371147,34.033265782570986
-118.28370615314606,34.03304658261136
-118.28321130917271,34.032780736892676
-118.28274435765087,34.03247105137032
-118.28230991883773,34.03212087017597
-118.2819122091753,34.03173403342728
-118.2815549881818,34.031314828769325
-118.28124151111852,34.03086793726063
-118.28097448803099,34.03039837428763
-118.28075604968191,34.029911426254735
-118.28058772080662,34.02941258385048
-118.28047040102936,34.028907472733216
-118.28040435368133,34.02840178251291
-118.28038920266202,34.02790119492671
-118.28042393738347,34.02741131211652
-118.28050692573488,34.02693758591513
-118.28063593490356,34.026485249035126
-118.28080815978923,34.02605924903042
-118.28102025865198,34.02566418586524
-118.28126839554355,34.02530425388006
-118.28154828898523,34.024983188888
-118.28185526627702,34.02470422107054
-118.28218432275128,34.024470034268255
-118.28253018522186,34.024282732180914
-118.28288737882642,34.02414381190458
-118.28325029641681,34.02405414514003
-118.28361326962018,34.024013967310125
-118.2839706406725,34.024022874723784
-118.28431683411613,34.024079829822185
-118.28464642745492,34.024183174441106
-118.28495421987382,34.02433065092148
-118.28523529815375,34.02451943080139
-118.28548509894868,34.02474615072665
-118.28569946663731,34.025006955125995
-118.28587470601806,34.02529754511124
-118.28600762918113,34.025613232984256
-118.28609559596472,34.02594900166146
-118.28613654748449,34.026299568264655
-118.2861290323116,34.02665945107413
-118.28607222496899,34.02702303899749
-118.28596593651154,34.02738466267601
-118.28581061705674,34.02773866632938
-118.2856073502334,34.028079479430524
-118.28535783961905,34.028401687304395
-118.28506438733707,34.028700099757934
-118.28472986508437,34.02896981687369
-118.28435767795575,34.02920629113512
-118.28395172152244,34.02940538509813
-118.28351633270728,34.029563423879786
-118.28305623507771,34.02967724180035
-118.28257647924816,34.029744222589144
-118.28208237914542,34.02976233264577
-118.28157944494248,34.02973014693613
-118.28107331350908,34.02964686719594
-118.2805696772581,34.02951233221136
-118.28007421228722,34.02932702004694
-118.2795925067246,34.02909204219255
-118.27912999018436,34.028809129703326
-118.27869186522359,34.02848061150782
-118.2782830416678,34.028109385158515
-118.27790807463468,34.02769888039462
-118.27757110704006,34.027253015977585
-118.27727581731287,34.02677615034524
-118.27702537297998,34.026273026708196
-118.27682239070782,34.025748713282795
-118.27666890330603,34.02520853941611
-118.27656633411021,34.02465802841054
-118.2765154790676,34.02410282789729
-118.27651649675221,34.023548638638935
-118.27656890643576,34.02300114266127
-118.27667159423852,34.0224659316229
-118.2768228272825,34.02194843632831
-118.277020275668,34.0214538582754
-118.27726104199557,34.02098710410301
-118.27754169806029,34.02055272376703
-118.27785832825421,34.02015485322695
-118.27820657912845,34.019797162367055
-118.27858171448817,34.01948280881104
-118.27897867532394,34.019214398213656
-118.27939214382172,34.01899395153151
-118.27981661064223,34.018822879686795
-118.280246444619,34.018701965944096
-118.28067596399414,34.018631356223246
-118.28109950829086,34.018610557470524
-118.28151150991437,34.018638444108795
-118.2819065645756,34.01871327248505
-118.2822794996478,34.01883270313261
-118.28262543959126,34.01899383056646
-118.28293986761948,34.019193220235145
-118.28321868282677,34.019426952161766
-118.28345825205535,34.01969067072255
-118.2836554558458,34.019979639933375
-118.28380772789033,34.02028880354546
-118.28391308748981,34.020612849190215
-118.28397016460413,34.02094627576235
-118.28397821717955,34.02128346318922
-118.28393714053357,34.021618743704394
-118.28384746867883,34.02194647372414
-118.28371036756938,34.022261105418245
-118.28352762035459,34.02255725707012
-118.28330160482719,34.02282978133671
-118.28303526335048,34.023073830545094
-118.28273206564513,34.023284918200275
-118.28239596490576,34.023458975926395
-118.28203134780232,34.02359240512155
-118.28164297899846,34.023682122672994
-118.28123594088801,34.023725600154805
-118.28081556931194,34.02372089601238
-118.28038738606807,34.02366668032677
-118.27995702906726,34.023562251845874
-118.27953018101864,34.02340754706691
-118.27911249754595,34.023203141255536
-118.27870953564351,34.02295024138851
-118.2783266833765,34.02265067110921
-118.27796909171431,34.022306847886135
-118.27764160935874,34.02192175266311
-118.27734872139118,34.02149889238493
-118.27709449251418,34.02104225587218
-118.2768825156054,34.02055626360298
-118.27671586623386,34.02004571203669
-118.27659706371416,34.01951571318333
-118.2765280391905,34.01897163018272
-118.27651011115431,34.01841900970777
-118.27654396870513,34.01786351204658
-118.27662966276608,34.0173108397472
-118.2767666053652,34.016766665727154
-118.27695357699172,34.01623656175667
-118.27718874193424,34.015725928219695
-118.27746967140695,34.015239926040735
-118.2777933741715,34.0147834116381
-118.27815633426728,34.0143608757259
-118.27855455537346,34.01397638673853
-118.27898361124133,34.01363353959283
-118.27943870156001,34.0133354104357
-118.27991471254877,34.01308451794932
-118.28040628151011,34.012882791703056
-118.28090786452744,34.01273154795222
-118.2814138064514,34.01263147318963
-118.28191841229027,34.01258261565781
-118.2824160191015,34.012584384929305
-118.28290106747588,34.01263555956005
-118.28336817171015,34.01273430271944
-118.28381218778141,34.012878185599014
-118.28422827826347,34.01306421830419
-118.2846119733647,34.01328888783808
-118.28495922731565,34.01354820269744
-118.28526646939353,34.0138377435167
-118.28553064893839,34.01415271911985
-118.28574927379218,34.014488027271476
-118.28592044167428,34.01483831935887
-118.28604286409728,34.01519806818735
-118.28611588252039,34.01556163803174
-118.28613947653636,34.01592335605819
-118.28611426398842,34.016277584213476
-118.28604149301582,34.016618790672794
-118.28592302612849,34.016941619942635
-118.28576131651228,34.017240960732586
-118.2855593768642,34.01751201073782
-118.28532074115198,34.01775033751315
-118.28504941978113,34.01795193466922
-118.28474984873655,34.018113272680054
-118.28442683334167,34.018231343659785
-118.2840854873461,34.01830369954233
-118.28373116811213,34.01832848318136
-118.28336940871922,34.01830445197721
-118.28300584784533,34.01823099373222
-118.28264615831108,34.018108134533755
-118.28229597519072,34.017936538565465
-118.28196082439847,34.01771749984896
-118.28164605265323,34.01745292602045
-118.28135675970717,34.01714531434724
-118.28109773369502,34.016797720287535
-118.28087339042146,34.01641371899077
-118.28068771735427,34.015997360225384
-118.28054422303121,34.01555311730379
-118.28044589252062,34.0150858306502
-118.28039514949833,34.01460064672491
-118.28039382542113,34.01410295307697
-118.28044313618571,34.01359831034666
-118.28054366656896,34.013092382077026
-118.28069536264584,34.012590863222314
-118.280897532281,34.01209940825671
-118.2811488536879,34.01162355979261
-118.28144739194713,34.01116867861067
-118.28179062327528,34.010739875986374
-118.28217546673758,34.01034194916857
-118.28259832300314,34.00997932082585
-118.28305511965314,34.00965598322618
-118.28354136246904,34.00937544785559
-118.2840521920524,34.00914070111286
-118.28458244506055,34.008954166640315
-118.28512671928391,34.00881767476696
-118.28567944174219,34.00873243945031
-118.2862349389387,34.00869904300841
-118.28678750838448,34.008717428835
-118.28733149048787,34.00878690219
-118.2878613399011,34.00890613905532
-118.28837169542135,34.00907320294388
-118.28885744756295,34.00928556944949
-118.28931380294637,34.00954015822709
-118.2897363446898,34.009833371999065
-118.29012108804004,34.010161142094404
-118.29046453053923,34.01051897994507
-118.29076369609338,34.01090203388835
-118.29101617238537,34.011305150557185
-118.29122014115963,34.01172294008221
-118.29137440099545,34.01214984428121
-118.29147838228133,34.01258020697382
-118.2915321542007,34.013008345532576
-118.29153642364109,34.01342862276553
-118.2914925260403,34.01383551822187
-118.29140240828552,34.014223698018725
-118.29126860388153,34.014588082306624
-118.29109420070198,34.01492390952042
-118.29088280173157,34.0152267966035
-118.29063847929537,34.015492794443794
-118.29036572335413,34.01571843782076
-118.29006938451924,34.01590078923181
-118.28975461250775,34.016037476044104
-118.28942679081578,34.01612672050205
-118.28909146843614,34.01616736221106
-118.28875428948345,34.01615887281327
-118.2884209216167,34.016101362669886
-118.28809698416403,34.01599557946532
-118.28778797685864,34.015842898751146
-118.28749921008678,34.015645306549125
-118.2872357375297,34.015405374233445
-118.28700229205123,34.0151262260096
-118.28680322564162,34.0148114994012
-118.28664245417687,34.01446529924415
-118.28652340769206,34.01409214576997
-118.28644898679741,34.013696917434515
-118.28642152578811,34.013284789215014
-118.28644276291428,34.012861167155464
-118.28651381818709,34.012431619988
-118.28663517900164,34.01200180869461
-118.28680669375835,34.011577414899946
-118.28702757356352,34.01116406900033
-118.28729640198775,34.01076727893784
-118.28761115275866,34.010392360519845
-118.28796921516441,34.010044370164934
-118.28836742684692,34.00972804092573
-118.28880211356994,34.00944772259718
-118.28926913545959,34.0092073266678
-118.28976393913258,34.00901027680961
-118.29028161505303,34.00885946553297
-118.29081695939304,34.00875721755412
-118.29136453961452,34.00870526033867
-118.29191876294365,34.00870470219354
-118.29247394687198,34.00875601818415
-118.2930243907928,34.008859044055136
-118.29356444786745,34.009012978231254
-118.29408859621269,34.00921639187339
-118.29459150850931,34.0094672468624
-118.2950681191519,34.009762921483464
-118.29551368809084,34.010100243486285
-118.29592386055938,34.01047553010315
-118.29629472193089,34.01088463451885
-118.29662284701243,34.011322998205095
-118.2969053431517,34.01178570845765
-118.29713988661246,34.01226756040885
-118.29732475175818,34.01276312273144
-118.29745883267559,34.01326680620316
-118.29754165696409,34.01377293426505
-118.2975733915173,34.014275814681675
-118.29755484022333,34.01476981139709
-118.29748743361299,34.01524941567819
-118.29737321058684,34.01570931564598
-118.29721479245221,34.01614446331573
-118.29701534959821,34.0165501382984
-118.29677856123048,34.01692200735803
-118.2965085686744,34.01725617907214
-118.29620992283733,34.01754925290401
-118.29588752649431,34.01779836206658
-118.29554657212657,34.01800120963594
-118.29519247609896,34.018156097457926
-118.29483081000873,34.01826194748234
-118.2944672300732,34.01831831525511
-118.29410740544937,34.01832539539783
-118.29375694639178,34.01828401900544
-118.29342133315683,34.0181956429949
-118.29310584655234,34.018062331539596
-118.29281550101072,34.017886729824326
-118.2925549810317,34.017672030452424
-118.29232858179816,34.017421932930084
-118.29214015471618,34.017140596739914
-118.29199305856744,34.016832588597104
-118.29189011689192,34.01650282455512
-118.29183358213953,34.016156507692784
-118.291825107044,34.015799062170736
-118.29186572358103,34.01543606449082
-118.2919558297765,34.01507317282775
-118.29209518453196,34.01471605532626
-118.29228291053239,34.01437031827056
-118.29251750519988,34.01404143503407
-118.2927968595545,34.01373467670785
-118.29311828474397,34.013455045284765
-118.29347854590695,34.01320721024419
-118.29387390294153,34.012995449339
-118.2943001576637,34.01282359433355
-118.29475270675958,34.01269498237861
-118.2952265998619,34.01261241363819
-118.29571660201657,34.0125781157038
-118.29621725974947,34.01259371524637
-118.29672296989837,34.01266021726388
-118.2972280503397,34.012777992187495
-118.2977268117159,34.01294677100896
-118.29821362925665,34.01316564849103
-118.29868301378589,34.01343309442033
-118.29912968101699,34.013746972760394
-118.29954861825993,34.01410456846286
-118.29993514769707,34.0145026215977
-118.30028498542778,34.01493736837118
-118.30059429553512,34.01540458851294
-118.30085973849127,34.01589965843304
-118.30107851328967,34.01641760947707
-118.30124839277113,34.01695319054274
-118.30136775169746,34.0175009342664
-118.30143558721751,34.018055225942646
-118.30145153146711,34.01861037430579
-118.30141585614332,34.01916068327828
-118.30132946899552,34.019700523779065
-118.30119390227739,34.020224404683916
-118.30101129330609,34.02072704204081
-118.30078435737413,34.02120342566515
-118.3005163533567,34.021648882272956
-118.30021104244909,34.02205913435392
-118.29987264055602,34.022430354039926
-118.29950576493471,34.02275921128812
-118.29911537576639,34.023042915769324
-118.29870671339489,34.02327925193227
-118.29828523202593,34.023466606800326
-118.29785653072503,34.02360399014938
-118.29742628258695,34.02369104681177
-118.29700016297168,34.02372806095073
-118.29658377771455,34.023715952251365
-118.296182592218,34.02365626407636
-118.29580186232171,34.02355114373613
-118.29544656782465,34.02340331512299
-118.29512134950012,34.02321604405532
-118.29483045039949,34.02299309676979
-118.29457766218725,34.02273869208674
-118.29436627718556,34.02245744785323
-118.29419904673463,34.02215432234103
-118.29407814639553,34.021834551340554
-118.29400514843512,34.021503581745925
-118.29398100194125,34.021167002471046
-118.29400602081942,34.02083047357003
-118.29407987982276,34.02049965445815
-118.29420161866547,34.02018013214092
-118.29436965416781,34.01987735035867
-118.29458180027893,34.01959654054239
-118.29483529572455,34.01934265545404
-118.29512683892987,34.01912030635005
-118.29545262977616,34.01893370446269
-118.29580841766315,34.01878660753908
-118.29618955526955,34.01868227211379
-118.29659105733201,34.018623412118615
-118.29700766369933,34.01861216435253
-118.29743390586489,34.01865006124884
-118.29786417613585,34.0187380112835
-118.29829279856493,34.01887628727254
-118.29871410074777,34.0190645227065
-118.29912248557815,34.0193017161683
-118.29951250205404,34.01958624377868
-118.29987891423903,34.01991587951195
-118.30021676750746,34.02028782312512
-118.30052145123562,34.02069873534752
-118.30078875714649,34.02114477988587
-118.30101493257011,34.021621671713895
-118.3011967279467,34.02212473103587
-118.3013314379714,34.02264894224202
-118.30141693586077,34.02318901711031
-118.30145170030771,34.023739461455705
-118.30143483478405,34.02429464438417
-118.30136607894661,34.024848869276056
-118.30124581200279,34.025396445601224
-118.30107504799274,34.025931760658274
-118.30085542304816,34.02644935033059
-118.30058917478851,34.026943967965025
-118.30027911411523,34.02741065050211
-118.29992858976048,34.02784478102198
-118.29954144603879,34.02824214691511
-118.29912197433546,34.02859899294261
-118.29867485894523,34.02891206851509
-118.2982051179459,34.029178668592586
-118.29771803985443,34.029396667688296
-118.29721911686636,34.029564546546375
-118.29671397552247,34.02968141115648
-118.29620830567941,34.02974700386473
-118.29570778868228,34.02976170644058
-118.29521802564706,34.02972653506093
-118.29474446675981,34.02964312727487
-118.29429234248637,34.02951372111395
-118.29386659756237,34.02934112661195
-118.29347182859779,34.02912869009456
-118.29311222608543,34.02888025169008
-118.29279152154584,34.02860009659877
-118.29251294047747,34.028292900736616
-118.2922791617065,34.027963671441
-118.29209228365048,34.02761768398786
-118.29195379792209,34.027260414723
-118.29186457060705,34.02689747165291
-118.29182483145239,34.02653452337284
-118.29183417110225,34.0261772272305
-118.29189154641573,34.02583115763379
-118.29199529379977,34.025501735408874
-118.29214315038843,34.025194159101865
-118.29233228280067,34.024913339092514
-118.29255932311321,34.024663835353145
-118.2928204115934,34.02444979963959
-118.29311124565211,34.02427492284508
-118.29342713439746,34.02414238818275
-118.29376305809974,34.024054830788685
-118.2941137318157,34.024014304256156
-118.29447367236773,34.02402225452438
-118.29483726783123,34.024079501451766
-118.29519884865144,34.02418622830669
-118.29555275949069,34.02434197930876
-118.29589343089765,34.024545665251544
-118.29621544989253,34.02479557713588
-118.29651362857562,34.0250894076412
-118.29678306989194,34.02542428016362
-118.29701922972035,34.025796785053615
-118.2972179745022,34.0262030225951
-118.29737563368089,34.026638652182676
-118.29748904628927,34.02709894707522
-118.29755560109594,34.02757885403357
-118.29757326980267,34.028073057088534
-118.29754063287359,34.02857604463268
-118.29745689766898,34.02908217898807
-118.29732190865496,34.02958576757011
-118.29713614955962,34.03008113474802
-118.29690073744828,34.03056269349331
-118.29661740879303,34.031025015910416
-118.29628849771234,34.031462901757976
-118.29591690665607,34.03187144409416
-118.29550606990627,34.03224609121641
-118.2950599103553,34.03258270411235
-118.29458279010775,34.03287760869553
-118.2940794555305,34.03312764216568
-118.29355497744577,34.03333019290735
-118.2930146872232,34.0334832334224
-118.29246410957884,34.033585345880205
-118.29190889293083,34.033635739962314
-118.29135473819196,34.03363426277618
-118.29080732689964,34.03358140071248
-118.29027224959174,34.033478273222656
-118.28975493533376,34.03332661859532
-118.28926058328838,34.0331287719113
-118.28879409719254,34.03288763545624
-118.2883600235702,34.03260664196455
-118.28796249446233,34.0322897111597
-118.28760517539766,34.03194120014013
-118.28729121926229,34.031565848238166
-118.28702322665133,34.03116871704903
-118.28680321320363,34.03075512638812
-118.28663258433275,34.030330586986466
-118.28651211767342,34.029900730774976
-118.2864419534656,34.02947123963914
-118.28642159299743,34.02904777354488
-118.28644990512699,34.02863589894414
-118.28652514080012,34.02824101836558
-118.28664495538098,34.027868302080364
-118.28680643851273,34.02752262270715
-118.28700615113094,34.02720849358296
-118.28724016916178,34.0269300116791
-118.28750413335227,34.026690805783964
-118.2877933046028,34.02649399060773
-118.2881026241021,34.026342127389235
-118.28842677750453,34.02623719150306
-118.28876026233824,34.0261805474764
-118.288981,34.02617
